81	57	2	21	1000	2422882834442997432
400	35	12	41	6000	2422218376766805123
134	70	22	32	7000	2421505991972081731
2463	77	28	88	7000	2422882277080853863
428	107	2	32	9000	2422869759968439360
204	51	25	63	2000	2422869761257102985
1	68	25	1	7000	2422882278623511029
84	79	25	47	10000	2421503938816207477
145	44	21	28	7000	2422823716929650176
497	48	8	35	10000	2422934292360723290
3956	49	22	93	6000	2422869744017549877
36	98	4	18	1000	2422876098513757543
1381	64	30	76	5000	2422823803238070034
16	68	18	18	5000	2422882200722172680
27	51	7	21	1000	2421505883579395433
713	57	3	35	7000	2422829292865162553
366	51	18	65	6000	2422819193055677164
1186	66	13	35	9000	2422819056219693816
144	20	19	22	8000	2422819107269981638
3	76	12	5	8000	2422869745390340134
2002	66	20	72	8000	2422829366130866692
1449	51	15	64	5000	2422829367165403794
8	107	27	6	1000	2422869761968336210
1644	39	19	100	2000	2422883029438186081
12	22	26	18	1000	2422819034581968548
30	78	26	24	3000	2422875992573667782
92	93	13	31	10000	2422875992562749028
274	95	15	34	10000	2422829362963553928
80	71	23	35	1000	2422819193453571041
1389	104	24	62	10000	2422882199627548402
1239	75	30	83	6000	2422882524554006992
27	63	27	28	8000	2422869095806530243
29	75	1	83	10000	2422876009301262606
596	42	29	51	9000	2422882710318818768
1823	33	20	100	4000	2422870566923544813
31	30	1	90	1000	2422823673415845520
1043	89	5	71	2000	2422869746749509103
3279	101	19	92	5000	2422869095962610570
55	16	12	23	6000	2422876011935845846
1730	27	30	100	5000	2422823709937169502
556	48	8	52	1000	2422876010993227920
134	83	13	81	1000	2422869003525491137
964	100	16	55	10000	2422869085213779403
1467	29	20	56	7000	2422819104177801793
1227	20	4	64	9000	2422819123054384545
234	65	30	65	10000	2422876498921530133
1581	98	12	91	2000	2422868999515083484
466	43	23	67	2000	2422819110299421808
3757	49	20	88	10000	2422876576232645375
222	10	27	81	4000	2422890543996289557
3632	76	27	99	10000	2422890543755028811
306	67	15	54	3000	2422882745299480414
321	28	28	54	8000	2422869745913932657
123	109	29	34	7000	2422823712863662824
1892	31	30	83	5000	2422869763422625697
35	64	13	14	5000	2421505980654925638
882	52	2	78	8000	2422870578491585577
54	41	22	49	2000	2422816929053094802
1486	62	12	63	8000	2422868997014836674
12	40	4	9	4000	2422876013400716631
1117	72	17	87	3000	2422870573053683300
2	45	3	3	9000	2422869084834004971
2615	80	19	74	5000	2422819194694329607
43	59	26	23	4000	2422890543773614666
278	63	27	50	5000	2422881766774880601
57	98	18	33	6000	2422869001607275979
953	100	4	99	1000	2422868997216277776
8	103	20	11	3000	2422819669028785988
4	47	22	9	3000	2422876021112251486
30	16	24	33	9000	2422890543422993839
220	45	20	47	9000	2422819121937977651
1279	31	23	56	7000	2422868999172788943
83	105	14	28	5000	2422881767194479804
1862	84	11	68	10000	2422882422570558204
312	41	18	70	1000	2422869093361682686
1601	21	18	99	4000	2422869002378091998
639	108	10	40	4000	2422869012561526922
143	20	25	43	1000	2422816946531998509
33	61	15	16	2000	2422876484342112983
5303	15	3	95	8000	2422869001149204180
1	109	28	1	2000	2422869750360812582
63	56	17	30	9000	2422869090586389062
69	57	23	26	10000	2422819106538888292
810	89	26	66	3000	2422817586893426630
874	22	3	87	1000	2422882155087197160
1210	104	17	78	8000	2422868433494070368
1978	107	9	81	3000	2422869471658637862
8749	105	12	89	10000	2422882168244793519
2823	36	15	84	5000	2422869489897472151
961	49	26	71	10000	2422818965380250538
886	34	3	91	1000	2422819235577948060
3036	66	6	54	10000	2422819193408350892
3897	87	13	95	8000	2421506305382162530
1062	86	24	95	10000	2422826721011786323
4	64	18	9	6000	2422871173852610333
24	48	15	11	1000	2422817707205414474
4238	73	12	91	6000	2422826765865769330
3425	39	10	90	10000	2422817595747355307
25	79	7	11	5000	2422871164134917335
3144	104	4	71	5000	2422868433383391829
203	99	23	63	3000	2422871159312927798
3829	96	16	57	10000	2422871163877560990
3267	30	8	71	8000	2422827117405396602
1643	44	12	92	4000	2422871175845418372
78	85	10	21	1000	2422817599087876628
18	63	1	25	7000	2422870769043667068
54	48	25	22	8000	2422869001759752160
1607	108	3	82	3000	2422870816695996906
3774	73	24	88	6000	2422871156249961574
29	59	20	40	10000	2422827120780049132
1597	95	2	51	6000	2422870888625828241
561	22	15	81	3000	2422870825665657567
83	46	15	12	7000	2422827112414864203
213	35	8	44	7000	2422826760188819043
47	104	30	22	10000	2422871161726953808
31	108	19	18	1000	2422869482000369626
6	48	27	26	6000	2422881767295130109
263	72	25	54	4000	2422826719665166796
522	62	26	60	8000	2422882150274316607
18	72	1	38	2000	2422871158293954662
320	47	4	50	1000	2422826674577247150
641	74	4	40	9000	2422881420719480186
218	13	10	49	5000	2422816946375297116
208	72	1	59	1000	2422827114766419592
149	108	22	33	6000	2422827102155911546
267	32	17	82	2000	2422870835971726845
6	19	1	12	3000	2422881474624882985
2306	24	5	79	3000	2422819285384999228
56	96	22	33	2000	2422871175984359305
593	17	2	70	2000	2422819018804007166
44	49	20	29	2000	2422880883592476476
49	86	3	10	8000	2422870903138149337
1696	99	12	79	2000	2422819017602466124
647	72	2	86	2000	2422873428256802930
9	43	23	17	1000	2422880885205044136
24	26	2	7	7000	2422827101589105423
1189	26	23	95	8000	2422870902613324870
1345	57	30	58	9000	2422873803489627264
412	108	18	69	2000	2422870836310989964
518	31	7	55	2000	2422873798798681166
46	67	15	35	6000	2422881481258775738
70	79	12	36	6000	2422826723310861389
2072	16	24	96	8000	2422870813889669019
1003	48	9	50	7000	2422869565466579349
17	19	10	20	5000	2422872318324752611
3619	37	17	94	7000	2422827118091764177
296	62	17	28	4000	2422873801444378670
66	73	5	17	1000	2422819287539648373
26	98	25	24	10000	2422881481296152101
4	22	26	6	4000	2422881420664262971
880	82	13	57	4000	2422870887347084175
5155	88	17	99	10000	2422873807089504822
606	38	18	39	9000	2422880885002787279
7	50	17	9	1000	2422814275381242056
496	47	7	27	7000	2422826774934910010
3	55	27	14	9000	2422814273857714968
2578	94	12	70	6000	2422820007675716476
556	94	4	61	2000	2422830494922176376
1357	91	17	76	9000	2422830468317209485
3	64	26	5	4000	2422827122870223040
20	54	14	19	10000	2422827104935836999
728	96	15	72	5000	2422880884337504200
975	63	24	78	4000	2422880893877457996
1983	27	9	99	3000	2422814278409133029
944	12	8	58	2000	2422830488524597639
12	21	20	15	5000	2422881083346607358
28	48	10	18	4000	2422880897649033496
1893	78	3	75	8000	2422827100716376607
720	39	17	75	7000	2422870790315072511
9	67	17	9	10000	2422814274015387487
2861	13	7	62	10000	2422871172663354144
5	45	27	20	8000	2422869743381300243
627	103	27	99	2000	2422827010259642519
3976	56	11	95	6000	2422830429148553196
5159	80	27	82	10000	2422819237552494974
20	63	29	20	10000	2422880689019538642
119	79	20	30	6000	2422873837204278389
104	82	5	33	8000	2422880897686815728
4117	82	10	97	6000	2422870770535193392
134	87	13	30	7000	2422881215506521795
2794	17	25	86	7000	2422830495039268709
4	77	17	4	10000	2422880678717958390
485	14	21	48	3000	2422881467666302661
417	75	3	51	1000	2422826669715068972
773	69	29	93	1000	2422826775350091366
310	53	29	55	9000	2422826782104872480
4	18	27	9	8000	2422826671429979920
2410	22	29	100	5000	2422873837180739698
166	24	3	43	4000	2422880588146021135
43	70	28	15	5000	2422830468464992764
351	28	2	41	4000	2422881470426260869
957	101	23	94	10000	2422826775078712739
1422	86	11	64	5000	2422880679297572831
1406	62	25	78	4000	2422819647327357707
98	68	23	41	5000	2422880678761610891
1451	108	7	43	7000	2422880679719946367
276	19	6	37	1000	2422880894939158873
1438	11	12	58	7000	2422826654793621987
1	78	28	5	5000	2422826670951529594
192	81	29	65	9000	2422870819822864857
277	44	30	82	8000	2422819601189004449
1132	80	2	61	5000	2422826769155644563
139	10	20	30	8000	2422826776796478717
24	96	26	54	3000	2422826778826859782
84	47	30	47	8000	2422880918287020282
1035	32	26	83	3000	2422826764491206630
1	61	30	4	4000	2422830465386934071
1531	68	7	92	2000	2422880893876879149
2066	34	14	76	3000	2422819597130203200
217	49	7	25	9000	2422819922123287074
14	28	11	11	1000	2422880678073313734
378	10	22	58	2000	2422880675894701484
43	98	19	18	10000	2422819917884304410
53	19	24	21	10000	2422826776749213224
3477	86	8	52	9000	2422830477061448431
3698	48	14	84	8000	2422880918729990541
530	21	2	77	1000	2422873636536267585
214	12	27	71	3000	2422871118283198851
1704	90	19	91	6000	2422814274085250470
1273	60	16	93	4000	2422873837387187221
910	72	13	71	5000	2422871111535980669
785	35	3	56	8000	2422826665810574034
3122	71	5	71	10000	2422871111535962189
987	100	2	79	6000	2422873637325010792
153	32	29	56	10000	2422828357444835837
65	12	21	41	9000	2422826767266329801
703	65	12	57	6000	2422881262250884563
10	12	25	22	4000	2422870852713285927
267	29	13	36	6000	2422826771444804812
8	13	30	20	3000	2422871119450593239
2535	10	17	100	5000	2422830468179763117
4	56	11	8	7000	2422871110286377615
142	22	2	40	10000	2422873844844289302
11	93	22	8	10000	2422819643563403195
2542	47	3	62	9000	2422819922053716378
685	94	14	60	1000	2422826759514073136
193	43	29	37	7000	2422870853161452058
1	70	30	1	6000	2422819929410378527
222	25	7	28	5000	2422880682829056378
27	21	26	25	10000	2422830494793245731
1035	19	27	86	2000	2422819919932976966
11	59	5	7	10000	2422871109872109289
2362	55	8	75	4000	2422873636787845173
28	83	22	23	8000	2422828358777024466
11	12	20	14	2000	2422819643808312006
985	80	16	61	5000	2422871175475533889
19	72	6	13	7000	2422870845153350264
2781	100	20	91	7000	2422880673066835302
835	83	3	81	5000	2422890527480686501
7	43	5	8	10000	2422870184771549302
135	90	14	25	6000	2422873630578730531
584	98	14	64	10000	2422828357024067975
30	45	13	9	5000	2422871176368330078
149	91	3	23	10000	2422873837194603400
133	27	12	22	4000	2422828358039980423
930	99	18	61	8000	2422873630079178985
58	45	20	21	3000	2422870790240998899
83	93	2	37	10000	2422881083606951591
108	35	18	22	2000	2422819923104626579
797	34	29	88	8000	2422871152828709224
77	42	16	27	9000	2422828357555010465
5	87	15	11	3000	2422881112261143641
2229	61	4	42	9000	2422819922993777839
13	23	15	30	3000	2422828358203993329
3	56	23	13	7000	2422871162216244070
34	106	30	40	2000	2422828361762889895
958	19	12	61	10000	2422828361744455200
71	17	26	45	7000	2422871176370961295
967	28	17	55	10000	2422819698133105583
554	109	28	85	4000	2422870182728701008
747	107	13	59	2000	2422828345478514958
725	60	9	58	2000	2422819922099643498
1234	101	20	75	4000	2422892334539903811
482	96	3	55	1000	2422828359718303976
1174	105	3	89	7000	2422870100248868288
6	96	27	21	6000	2422892024424215945
1689	35	6	75	2000	2422819703054340468
89	50	23	19	7000	2422819698266582088
36	106	30	44	3000	2422870099731259416
1430	24	5	57	7000	2422828354653505350
87	24	15	21	7000	2422870844859560930
1412	21	14	77	3000	2422870839542757841
238	50	1	57	6000	2422892291408955195
43	49	5	12	5000	2422823538092115942
153	107	23	36	10000	2422890494285613193
2	21	4	2	10000	2422814230665256427
72	84	8	18	8000	2422828346809791093
49	40	29	29	5000	2422871173380304060
6	33	28	11	4000	2422870137294036424
1661	24	18	78	3000	2422880714893500259
190	74	20	37	1000	2422892028386352551
4	38	18	7	2000	2422870100326155317
399	11	14	56	1000	2422880714875394336
868	22	11	95	2000	2422870184365421661
642	24	19	63	4000	2422892343946996369
250	10	14	38	7000	2422892343984171502
15	21	1	33	1000	2422828346952683230
236	88	20	30	7000	2422828360319678070
2286	20	6	96	3000	2422822320002934026
12	70	2	7	10000	2422828357564854340
3	93	20	2	6000	2422870851994167916
132	95	30	56	4000	2422871172658380564
7	62	28	9	7000	2422892334609100324
1524	104	5	68	9000	2422826763815933567
33	62	9	16	10000	2422828358712274865
5689	58	2	99	9000	2422892028242705431
3152	45	6	91	4000	2422871174262476496
215	105	15	41	6000	2422830430550262465
359	36	21	42	9000	2422828356421079652
113	47	16	26	9000	2422870844745757005
2	71	27	3	8000	2422892025561397542
1453	14	22	71	3000	2422828359493996103
2258	60	23	71	9000	2422890637077635712
1560	105	13	59	10000	2422870836984222178
163	108	21	33	10000	2422890683566729737
4	68	21	4	10000	2422823528596078631
121	27	9	54	4000	2422870128693263577
482	75	29	60	9000	2422871170299978264
4	66	22	6	7000	2422890643690940358
527	46	10	48	7000	2422822320994047095
8	71	2	4	1000	2422830247865948005
695	99	14	61	9000	2422825433067191103
13	55	1	31	9000	2422875805728862522
26	18	20	40	8000	2422870099151735499
794	85	2	70	8000	2422870128717942384
69	40	3	23	9000	2422823552488775558
142	75	24	57	1000	2422823543657241224
26	103	29	25	3000	2422823531756132377
3768	15	18	98	8000	2422892025033517017
19	105	14	9	2000	2422825434236411748
211	71	30	61	10000	2422890637112303687
5	79	22	5	6000	2422830248567331177
3748	101	17	87	9000	2422892024428646153
742	33	9	68	3000	2422823159985686350
11	50	19	18	5000	2422891870062448428
466	50	3	60	2000	2422892025758964923
9	19	15	11	3000	2422823253788077823
157	23	21	42	2000	2422823489107163853
515	36	19	79	1000	2422890683876877970
5246	16	4	97	10000	2422890680378267075
824	57	24	73	8000	2422830246704340884
605	87	12	80	1000	2422875889735381901
31	73	14	25	8000	2422823245250372790
990	47	27	76	2000	2422875886407104592
154	82	28	39	1000	2422830246342861784
4928	56	9	85	10000	2422830247422443163
2275	19	3	57	9000	2422870182774258203
5	55	6	5	4000	2422892593575206224
133	89	19	41	4000	2422892028099474185
802	11	21	55	10000	2422822323519767553
257	100	16	40	5000	2422892592549651439
607	97	5	54	4000	2422892589603592317
431	104	29	70	3000	2422892589695746667
10	10	25	10	8000	2422892334635171099
832	105	28	65	10000	2422830246208766789
3324	64	7	100	4000	2422892592885872738
53	42	22	18	4000	2422830339818531408
760	53	30	76	6000	2422823198923756399
1542	35	10	82	3000	2422830437258440407
2211	102	6	53	5000	2422892334525245258
7	64	21	15	6000	2422870120593759709
382	90	29	71	1000	2422830446713342038
243	48	24	55	9000	2422830448339439261
160	37	10	39	5000	2422830483649241068
11	60	17	10	2000	2422823190151421079
5787	82	21	99	8000	2422823529385340461
35	32	1	100	9000	2422892332243399882
13	92	13	10	9000	2422890694688067728
161	103	10	36	4000	2422830328424742552
14	57	16	22	4000	2422830460189151350
1585	48	28	96	10000	2422892278658690243
946	64	6	38	10000	2422822321836066922
545	71	19	100	1000	2422814046010933257
599	14	13	65	2000	2422881755954744843
470	98	26	79	1000	2422881734809387069
115	54	28	63	4000	2422814045811672343
1127	85	5	62	4000	2422892279280888770
258	31	3	23	8000	2422822319177228470
187	23	10	24	4000	2422890780728681194
425	82	14	37	6000	2422830447852184134
769	91	19	87	3000	2422875784687129897
251	43	27	45	1000	2422881648209877540
187	105	17	38	9000	2422881644072907314
32	78	20	45	1000	2422830448275489031
2149	31	4	72	6000	2422892332242937680
6	50	15	10	3000	2422881998395310966
128	23	23	38	3000	2422823244108037584
1498	85	9	61	6000	2422822322387589348
312	32	1	82	2000	2422830490622947252
668	28	20	52	10000	2422881640129001778
479	12	12	67	4000	2422830478969065280
103	97	10	19	9000	2422823547162452648
38	65	20	28	1000	2422830431629738967
778	29	3	86	1000	2422892589223645882
1	53	23	1	2000	2422822386314822310
258	60	1	62	5000	2422830482007481502
2120	99	16	96	6000	2422881729644592164
367	60	10	49	9000	2422881729866344082
589	57	16	82	10000	2422891554281853515
2496	19	12	96	4000	2422892276078222715
42	74	9	16	10000	2422892288793692109
242	44	29	47	9000	2422892237903121941
477	72	12	57	1000	2422892288830130192
483	30	17	63	7000	2422892288588972229
3846	34	12	90	7000	2422881737664947784
101	100	23	48	5000	2422892288466859846
2	30	22	5	3000	2422892593957252602
1780	61	10	75	5000	2422830328798281496
30	65	4	10	4000	2422823203784505735
61	22	13	24	4000	2422823198792776195
1078	78	21	52	9000	2422881640167977146
102	52	25	29	2000	2422815762930215664
1826	73	24	96	4000	2422875784913669090
154	51	21	40	9000	2422892522909348807
6592	56	8	82	8000	2422881695689359983
74	107	14	32	1000	2422882128381782335
824	48	26	59	9000	2422892533879091818
207	91	20	60	1000	2422817599152545062
311	28	18	29	4000	2422882138244117650
687	89	4	32	8000	2422822285250515585
682	54	26	58	7000	2422883311775522267
492	21	19	75	4000	2422883310873603602
966	43	16	72	10000	2422883307781286851
1242	95	15	71	8000	2422882126019002401
1878	104	17	69	5000	2422883308089755240
861	50	26	97	8000	2422869109729895389
704	84	14	52	3000	2422830279063852636
263	12	3	31	3000	2422890513351743739
3002	60	16	68	5000	2422817605561781908
262	49	7	29	7000	2422830287434988882
395	57	19	94	1000	2422883273853269070
68	72	17	27	7000	2422830286916156335
62	38	15	20	2000	2422881760426035810
1262	101	9	48	10000	2422815667503495507
3380	94	27	82	5000	2422830278025024095
276	55	24	46	2000	2422830278077422290
103	106	8	25	4000	2422823286494904310
1202	24	2	58	7000	2422830326381338650
476	39	11	43	7000	2422823022335178852
4023	92	10	61	8000	2422823286539925622
19	25	21	23	8000	2422876400675146046
153	93	16	33	8000	2422890517486612467
71	59	3	19	9000	2422823059582622508
613	29	25	66	6000	2422823017304920110
1383	99	15	80	7000	2422892265402162341
76	75	26	46	5000	2422830255932794941
966	15	21	92	10000	2422830277204655084
564	30	25	75	9000	2422892491001678213
522	75	20	100	1000	2422892502835937978
277	100	28	73	2000	2422876400520039198
174	109	1	40	2000	2422830477418538729
619	14	17	84	5000	2422830429770378935
4538	19	6	75	8000	2422892502827097363
9	94	28	12	4000	2422830401443543177
2608	43	12	69	7000	2422869108597201311
6275	76	12	75	9000	2422892230872044579
1670	23	13	84	2000	2421344375071543835
128	74	9	36	1000	2422830477670169039
939	27	12	89	9000	2422892596428942240
22	74	26	26	10000	2422830429624583656
2	51	23	5	8000	2422823059777217848
387	97	5	38	6000	2422830355212227447
1275	67	19	97	2000	2421342532874937501
185	46	21	67	2000	2422830225689410827
2617	10	3	82	10000	2422830429863429590
195	43	21	54	2000	2422892342312513285
7	81	1	5	3000	2422830429817032583
185	14	14	31	4000	2422823059255785807
5438	26	6	93	8000	2422822287872531877
1506	12	20	96	4000	2422876401081770568
19	103	25	23	3000	2422830278377727737
363	109	17	54	5000	2422830225559147706
2	57	5	2	7000	2422830477209880751
104	37	14	40	2000	2422891521233694273
84	23	17	30	7000	2421344381620430726
122	52	25	65	1000	2421373378920462577
2571	69	14	60	5000	2421344385481229547
1616	76	5	52	9000	2422822286292046092
25	86	16	29	7000	2422830225222506931
19	39	17	11	5000	2422892597251093902
7159	81	16	90	10000	2422823311017253654
77	44	16	20	7000	2422830278577744126
104	100	20	34	8000	2422830316193195513
368	55	28	55	8000	2421373395716425025
6	57	30	11	9000	2422043480731377451
2361	15	30	77	6000	2422892598485140155
2411	54	12	94	7000	2422041085281656585
1	53	9	2	3000	2421342931756573966
1329	109	14	77	2000	2422876400136593991
270	17	23	60	2000	2422216792857491595
37	56	25	17	10000	2421330684757982691
3591	62	6	69	7000	2422876396987653119
2	19	6	3	2000	2422830477535888257
2	102	14	4	1000	2422871139149643446
2276	58	6	70	3000	2422830316575461878
8	92	7	6	5000	2422216792858212088
164	67	13	28	8000	2421373632669329511
4788	99	15	90	10000	2422216512666575676
1098	61	26	69	10000	2422830485156279550
283	13	30	87	1000	2421330845755196563
1674	24	20	71	8000	2421373613562787428
4022	104	17	97	7000	2421331015935585728
689	76	8	50	3000	2422216640841744235
48	61	23	39	10000	2422151890525191146
3891	44	6	86	9000	2421330330147402486
18	44	25	27	9000	2422043745467907375
398	78	30	72	1000	2422216789389419305
489	44	11	45	7000	2422044155164951045
39	49	13	17	2000	2422044156222660736
206	12	13	38	4000	2422041785874672430
1196	85	9	95	2000	2422216786693652284
2	108	29	3	9000	2422039593897696593
1034	102	22	78	5000	2422830326581187298
930	34	23	98	7000	2422044152949417811
766	55	4	91	1000	2422151838381419991
58	58	22	31	4000	2422151887579808502
2180	86	27	100	5000	2421342953512092533
8	65	1	18	5000	2422044198945130920
2647	83	4	68	5000	2421330730224251255
4959	94	10	81	8000	2421344373794376939
833	57	11	89	2000	2422042609111949673
1276	15	4	61	7000	2422043444494683392
71	28	28	13	6000	2422043341895803238
187	75	7	33	9000	2421331015252148839
83	102	27	36	2000	2422043733812402790
34	54	26	28	2000	2421331018159324788
96	38	17	29	4000	2421343347549048659
126	107	2	18	4000	2422041778314610610
749	58	24	66	7000	2421331244183912751
275	27	21	69	1000	2422151991899993342
8	36	16	9	5000	2422042623923352266
108	67	29	28	10000	2421331016057634219
130	87	11	24	5000	2422044191339560493
1407	106	8	53	5000	2422151888919297264
1432	27	14	84	5000	2422152319676356471
2	18	7	1	6000	2422151980302910989
8	48	21	16	7000	2421344253769220850
944	30	27	98	3000	2422056343351661475
20	68	24	31	7000	2422151831551094611
85	84	18	37	8000	2422043335974516688
28	38	25	38	1000	2422151831572344612
448	45	20	56	2000	2422043693031558607
178	41	26	28	10000	2422150959493259291
546	82	24	88	2000	2422043335317682416
574	70	21	66	4000	2422043346423868189
565	105	15	68	10000	2422151840194557443
278	44	30	85	1000	2422043748338026925
956	31	25	75	6000	2422043744589785990
2502	92	9	75	8000	2422043482935758917
60	72	23	16	6000	2422151830024170896
6	102	14	8	6000	2422172411098285618
2526	40	14	67	10000	2422150957770280498
152	24	30	45	9000	2422830245241731599
11	10	23	18	10000	2422043482949078318
318	64	26	62	2000	2421330845872085669
125	96	18	25	9000	2422150934533920405
130	40	26	32	6000	2421330846011611459
128	33	20	50	7000	2422152305230575682
503	27	6	47	3000	2422150956274596487
16	15	12	21	3000	2422043332409174616
1157	16	12	75	2000	2421331142797269738
4	78	10	9	8000	2422039455352632881
201	12	14	39	9000	2422152144359044354
2413	107	21	68	8000	2422150956590719630
232	90	23	48	2000	2422056365474984467
63	68	1	25	6000	2422041804992299881
250	51	24	60	5000	2422171587568209579
30	27	23	36	3000	2422041638085499843
312	104	4	25	8000	2422043345010672001
9	91	27	16	1000	2422039474088475464
1922	24	11	82	9000	2422151826595843908
340	58	1	78	9000	2422041747395613942
2365	99	18	81	9000	2422151840102203324
116	42	26	48	3000	2422041750898483062
629	43	20	41	4000	2422150931394575491
7132	45	14	87	9000	2422041428247970592
1	32	5	1	5000	2422045532653228778
759	43	19	43	6000	2422044231440095538
66	47	7	19	6000	2422045632854711508
1811	21	19	75	8000	2422040823194521895
1210	46	6	74	6000	2422040799656863024
265	56	1	82	1000	2422039582831278671
1895	97	11	61	4000	2422039592291016003
948	50	19	48	8000	2422152069434692783
36	30	29	25	2000	2422045545383420352
24	64	1	49	3000	2421330860558205262
320	102	17	38	5000	2422039592865141312
1091	92	12	36	10000	2422039572417418477
5046	21	11	100	8000	2422042503127853357
57	46	2	10	8000	2422150938868228542
3	40	13	2	6000	2422041610678070762
2179	61	14	71	8000	2422150631930215584
403	59	5	44	6000	2422830315825679477
4632	56	3	95	7000	2422150537841716811
101	34	2	29	3000	2422043348766998639
2	32	24	3	8000	2422042500019909176
23	16	27	31	6000	2422042515475053296
702	96	27	77	1000	2422039578759382459
428	10	21	55	6000	2422288337613074375
417	38	19	72	1000	2422042547208705634
101	77	13	29	3000	2422291000813107234
160	82	6	28	1000	2422291100022031575
1464	97	11	57	9000	2422150939697035057
941	104	4	46	8000	2422150636519398256
75	55	23	41	7000	2422151988271933711
139	23	27	29	7000	2422039488319379835
1899	72	8	47	7000	2422042546846133603
1401	48	20	79	5000	2422291091923130302
57	15	9	20	10000	2422288354731141721
147	73	17	51	5000	2422150934289272432
863	53	6	32	8000	2422045533384119107
590	70	18	57	6000	2422040914228343100
356	68	10	81	2000	2422150939217715315
20	84	9	16	1000	2422288307196538615
611	32	17	59	8000	2422056358404683175
2412	60	9	72	3000	2422043344607098199
1534	107	2	72	8000	2422288352601086537
287	86	30	30	7000	2422039572087229748
1975	80	4	53	8000	2422040910519166117
1572	16	25	89	7000	2422041663696373287
469	43	12	50	4000	2422288306553982746
601	32	16	56	5000	2422288333356863210
544	13	6	50	4000	2422039581633467161
833	83	27	69	3000	2422151983974768776
2372	82	3	100	6000	2422040949104612192
487	41	4	42	3000	2422150622950628966
44	75	17	20	6000	2422041774887254971
945	31	19	86	4000	2422039716941743416
70	107	26	47	2000	2422150549692527377
658	98	3	54	2000	2422288352778005362
28	16	4	9	2000	2422044177427909229
70	13	6	31	4000	2422041631801275582
666	10	3	90	1000	2422288358220205257
3820	20	5	93	5000	2422151992803956498
1635	17	6	71	5000	2422039585524729965
397	33	2	83	8000	2422040816115236748
2420	71	11	66	8000	2422041567174558832
373	10	28	85	4000	2422041062888928171
3031	30	8	88	7000	2422044181043840893
82	106	23	33	7000	2422152066459563071
142	13	30	83	1000	2422041441121071843
94	57	17	35	6000	2422044191607419149
34	24	16	19	1000	2422041441774520798
442	71	10	31	6000	2422288308564962656
25	40	26	25	1000	2422043333653448787
264	79	12	43	6000	2422288358012643761
21	52	1	55	3000	2422040944705948560
2	89	25	2	6000	2422041458189476331
2	23	6	1	7000	2422288316674882255
5005	28	21	93	8000	2422041440828745346
2286	31	3	60	6000	2422044202710028671
4448	69	18	81	6000	2421373616731695157
65	102	28	37	1000	2422043856064031518
240	60	19	37	2000	2422288306649746824
3331	38	30	79	6000	2422056355813003661
218	105	1	51	9000	2422042609793484123
4	16	1	13	8000	2422152535756224150
1	15	27	4	6000	2422039636412088456
1	45	20	2	1000	2422040816627456333
4	100	8	6	8000	2422043743641433891
1311	67	4	54	5000	2422290997757667261
395	54	19	58	7000	2422043486274435125
100	51	29	35	9000	2422152533826300634
990	37	9	77	3000	2422043681235808926
4	87	11	4	9000	2422041607092499438
4052	22	12	78	10000	2422043856058027277
860	30	8	73	6000	2422041722183654755
459	85	15	68	2000	2422041725606370459
276	94	26	39	7000	2422041607577223819
18	18	1	35	4000	2422041669878687034
1322	37	28	77	6000	2422043736057392379
14	11	26	27	1000	2422152341945582637
1478	82	2	95	10000	2422043739763722556
283	44	14	51	7000	2422152341125657606
2571	70	3	91	10000	2420465274422660261
137	63	23	45	9000	2422041606695226657
390	36	16	76	1000	2422041606482584717
1975	24	17	73	6000	2422041665033678855
4136	79	11	96	10000	2422041721795854185
18	14	14	21	10000	2420465978367735650
30	23	23	12	6000	2422152314443905773
11	37	25	28	1000	2422043743486338977
852	43	13	61	9000	2422152532063964399
342	87	28	46	1000	2420465975815611482
166	50	8	40	3000	2420465972833282533
2415	101	10	46	10000	2422150946691792625
699	109	9	70	1000	2420465978967975037
4692	12	9	99	8000	2420465880857180876
1743	74	17	76	4000	2420465963898752657
134	103	13	26	8000	2422041780969210507
3542	95	28	85	10000	2422041102155446524
1321	97	29	91	3000	2422044343892212143
593	81	29	83	7000	2422152533769575209
103	43	21	30	1000	2420465884118036973
22	86	21	17	8000	2420465260221726007
103	15	18	35	1000	2422041721697520289
1269	86	17	66	9000	2422044197048470685
893	21	7	64	3000	2420465884095184661
475	67	6	43	5000	2420465463093673416
2751	97	9	91	9000	2420410783311790295
2589	50	4	64	8000	2422042287549774558
13	102	26	9	7000	2420465879772593347
642	75	7	72	1000	2422041666903131665
69	55	16	31	4000	2420410706758207144
176	52	28	36	8000	2422150941961768452
4119	44	6	67	9000	2420465955403564009
3	25	4	4	10000	2420465981522494171
12	103	1	19	5000	2422041666622177267
1162	84	6	82	2000	2420465972825317430
48	64	4	21	5000	2420410709859206238
2520	23	9	53	8000	2422043853887360915
285	47	23	61	4000	2420410531801017235
2727	53	8	73	10000	2420410964097996290
665	74	27	89	2000	2422041722589803171
739	86	15	59	2000	2420465962546313330
2599	98	10	89	3000	2422043445376415447
1377	15	8	77	3000	2420465648407267641
4066	49	12	91	8000	2420464908236604772
8	30	28	15	5000	2420464912678842385
310	17	24	45	6000	2420465938705447158
14	22	24	18	7000	2420465136715182377
2160	88	13	82	7000	2420465985865284247
191	40	16	28	8000	2420464942446139728
49	61	20	37	1000	2421331359591078026
257	71	19	44	5000	2422152317908710589
403	26	2	50	1000	2421327487446797481
568	54	6	50	5000	2421327490985962110
825	92	14	91	10000	2420464912930737979
352	85	15	53	1000	2420465082391850348
2	39	20	4	2000	2420465095772826881
110	66	22	47	8000	2420465981502760443
115	63	21	41	6000	2420410977887833188
1	86	15	1	4000	2420410706099486622
137	64	27	24	6000	2422039537128571159
93	51	11	20	10000	2420411443155302022
36	53	28	48	1000	2420465079941891778
821	52	15	59	2000	2420410977051611137
3458	56	15	83	8000	2421327483532791954
873	88	5	41	8000	2421327488104323361
1602	65	19	89	8000	2421327521608093036
97	76	2	29	5000	2420410804861289635
2611	33	5	94	4000	2422152420747337662
155	91	24	38	1000	2421327603149966512
251	24	23	52	7000	2420410805553491910
34	19	1	93	10000	2421327502090433773
1109	85	5	50	8000	2420465930767624042
9	64	24	12	5000	2421327605275647193
789	48	7	59	2000	2420410532540929963
250	32	17	56	6000	2421331833893867482
931	62	29	76	4000	2421327738788825865
32	66	11	19	3000	2420410806123234962
51	83	11	29	3000	2420465589669508708
200	89	25	45	9000	2420410963725088687
90	44	11	34	4000	2421327603478858386
3089	16	4	71	9000	2420410533494559797
2451	61	24	68	8000	2421331545953026206
189	36	14	26	10000	2421331334592570738
85	80	13	59	1000	2420464949849655189
854	34	15	56	9000	2422041699829177791
283	39	3	37	5000	2421331337584325768
143	89	26	42	3000	2421327498512092108
145	60	4	19	2000	2421331782525894214
365	75	21	85	2000	2420410526696574032
378	41	17	46	2000	2421331792162840955
48	12	28	34	10000	2421341921030283688
16	105	25	14	3000	2421332370158077078
439	64	14	47	3000	2420410707947042188
38	90	10	15	7000	2421331534264477684
84	70	27	26	3000	2420464914449847614
2	109	20	14	3000	2420410964796804316
4247	96	15	80	9000	2421332248063211998
158	10	19	53	4000	2421343536636997311
748	50	22	59	3000	2420465647372822986
595	36	27	93	1000	2421330553980656521
1014	20	4	42	10000	2421330682853477792
163	104	24	37	5000	2420465981696709658
1092	38	22	56	6000	2421343686056962209
3025	59	15	81	10000	2421330571781187265
514	30	30	88	1000	2421343985754851963
2261	51	11	73	4000	2421343594394930866
278	101	21	38	2000	2422041721860935229
984	15	20	81	5000	2421327732705574936
8	25	7	6	4000	2421327501191310372
127	84	1	36	4000	2421332285978553438
13	82	29	26	8000	2421343582710224975
1900	92	13	69	10000	2421331780084843542
111	20	23	31	3000	2421343581740907125
3328	72	10	94	10000	2421327497998235149
1503	87	18	72	4000	2421343859741178996
82	51	13	41	1000	2421327721102713685
3233	96	15	75	9000	2420410472141732441
273	72	1	84	1000	2421341916572710034
5872	56	15	74	8000	2421344078307341986
36	40	19	26	1000	2421343886229064225
1236	106	12	89	2000	2421332340156617407
2486	82	18	50	9000	2421332247978592651
697	15	28	70	4000	2421344300075914301
1240	102	18	46	6000	2421332226915414547
155	46	15	28	2000	2421329605059188388
452	21	29	75	4000	2421331545917324880
504	10	14	70	1000	2421344292147583845
544	10	27	50	6000	2421332230351074635
1105	49	8	69	3000	2421344269902686678
4715	29	3	65	9000	2421344294525498435
18	48	17	24	1000	2421344490526925008
1575	86	13	76	3000	2421327731075532445
13	22	1	34	3000	2421332237178347865
1697	56	7	79	3000	2421330460086396916
49	27	28	44	4000	2421327715441805179
90	28	4	24	3000	2421331816069994607
410	78	25	48	1000	2421329626221074853
658	95	7	55	3000	2421344372638810009
6257	105	10	76	10000	2421327725662808809
648	25	20	82	2000	2421343886688601268
2516	68	14	72	6000	2421330461731806945
373	47	22	52	7000	2421330737477940546
2950	25	7	85	7000	2421330566108390360
5263	55	8	78	9000	2422042740615968976
67	75	15	23	9000	2421344256977108416
29	78	3	15	2000	2421343594432126625
2536	14	20	69	6000	2421330854450680615
3	25	27	11	3000	2421332340053889191
639	34	26	51	9000	2421343990708288304
11	54	12	14	6000	2422173085142159788
4233	62	5	79	7000	2421330854947362514
66	98	4	34	5000	2422171605766787502
166	94	23	31	6000	2421342017292635524
183	13	20	34	10000	2421330480414338386
303	64	23	55	6000	2421344372640767244
20	91	5	13	3000	2422171598404879848
76	24	27	68	3000	2421343512180915119
156	10	17	51	7000	2421344250184968004
275	23	15	60	10000	2421331777309365262
3577	88	27	99	8000	2422171716431428965
166	24	16	39	7000	2421344272377566738
3	82	25	2	10000	2421341915215631147
349	13	25	37	7000	2421344274751418596
102	13	7	15	10000	2422171685755157037
155	66	4	24	4000	2421332196224474606
1624	85	11	69	4000	2421330739941245597
66	24	10	33	7000	2421344298906403077
1413	103	19	72	9000	2421327521446407943
17	37	21	38	1000	2422171602239001635
17	69	24	30	1000	2421342016710477367
57	100	20	15	8000	2421332314567068645
152	17	3	39	1000	2421330314114533023
13	33	25	18	1000	2421330898525393014
182	109	30	68	9000	2421332226583091417
8	20	15	11	4000	2421329605150439019
617	48	21	96	1000	2421331157956792536
1794	34	3	97	6000	2421331037470077028
403	29	22	51	1000	2421330898938348196
313	26	22	57	8000	2421332362891330343
1906	88	16	95	4000	2421329626098919018
19	103	1	8	5000	2421373287556998333
196	59	12	20	3000	2422173063364971437
8	98	26	12	9000	2421331171184822573
57	82	8	21	8000	2421344298901664851
15	84	16	14	3000	2421331158954375674
1069	103	4	56	3000	2421342456996131206
2605	84	9	69	4000	2421329605135905682
172	103	30	54	1000	2421332325612346987
86	53	12	34	8000	2421332285877509746
1098	88	5	41	4000	2421330317492688435
1058	77	30	86	5000	2422171690232402132
450	31	19	63	6000	2421332076366960344
65	84	25	43	1000	2422173086506960794
1110	42	20	91	3000	2421342023312783536
1	30	30	1	5000	2421332069478342807
982	20	24	49	7000	2421344496144932285
1557	21	8	76	5000	2421327722193105171
123	14	19	57	1000	2421331824674420639
1044	61	14	89	3000	2421330296395136276
1818	64	27	93	2000	2421331258080081886
4434	13	18	92	7000	2421327617942256128
4947	90	13	83	7000	2421327472358646073
128	24	25	27	5000	2421327483402203459
76	34	23	23	8000	2422172419318756467
185	16	7	38	5000	2422171607892674249
256	90	6	24	3000	2421332320037989549
36	70	8	16	1000	2421342457661404713
80	10	9	20	1000	2422171684970422033
200	60	19	51	9000	2421344274769422204
1	49	13	2	9000	2421327710544563068
50	95	30	50	1000	2421331720547178412
99	51	10	35	1000	2422173060944168115
1364	19	3	51	5000	2421373287652400778
1433	95	20	73	7000	2421331735108666770
2782	18	5	46	10000	2422817697953806993
107	58	16	40	1000	2421330317171729833
58	80	11	26	6000	2422171690643824872
79	32	27	33	7000	2421342430430973023
35	32	1	55	10000	2421331006562870595
1	53	21	1	8000	2421344274151645889
9	41	28	22	1000	2422172314495334578
1005	30	5	52	5000	2421373287370162605
4078	108	14	99	7000	2421327617719924497
258	102	6	38	7000	2421327185622884667
335	20	1	60	8000	2421330318299411763
34	64	18	15	2000	2421331172736363809
296	30	7	41	6000	2422171593621691170
1686	82	8	85	7000	2421327712946984383
326	24	19	43	8000	2421344276814278193
2506	25	14	83	10000	2421373757618566298
198	85	30	54	8000	2421332075003714749
80	17	8	19	4000	2421331406885215719
210	46	24	83	1000	2421327710828677932
175	12	22	79	8000	2421343512011521092
804	104	28	81	6000	2421330511562313350
149	82	7	23	6000	2421332077606617702
907	31	19	95	4000	2421373226709014936
940	24	24	68	9000	2421373703905847802
14	70	29	18	9000	2421327486865989308
271	23	20	39	1000	2421343900771039909
641	22	13	62	8000	2421332151655294707
1175	44	23	86	5000	2421343538533252554
148	85	3	21	10000	2421332199328662415
839	98	3	72	5000	2421330506081979481
1932	60	14	92	4000	2421331325121294447
2	44	5	2	9000	2420410711738348563
933	41	7	42	10000	2421327510703619794
186	108	25	72	7000	2421332230546637666
5063	93	17	98	7000	2421327653212122931
870	99	26	99	7000	2420470805712773763
3	40	13	9	6000	2421332400251934101
177	97	19	44	7000	2421332077489576760
365	16	26	61	6000	2421332325507024108
313	109	19	75	1000	2421327621480838019
342	54	19	57	6000	2420470646496710665
244	67	13	57	1000	2420470804856868173
236	10	7	24	4000	2421332318032147780
38	31	21	30	2000	2421332076786485970
1133	55	2	87	9000	2421373705259618614
28	50	1	86	9000	2420470062113940262
563	78	21	66	4000	2421331425159941129
395	37	4	51	1000	2421331697794687902
871	94	5	30	10000	2421343538308743428
95	68	15	20	5000	2421327722651160664
840	63	12	55	4000	2421332080879502755
265	42	17	59	1000	2422172310603269999
928	68	21	85	4000	2420469962726110047
28	46	1	91	10000	2421327472830321947
220	101	2	33	3000	2421343539839045227
526	57	9	72	1000	2421332325321496208
470	17	22	79	1000	2420469684316382830
695	98	19	84	2000	2420469695617917721
27	40	24	17	9000	2420469694709611636
12	42	1	26	5000	2422173067427846520
208	74	23	45	8000	2421330716235886143
1327	107	3	67	10000	2421343511515678959
1043	34	26	73	3000	2420469627135070917
1640	97	12	100	2000	2420469797547337543
1615	15	9	73	5000	2420469618646681837
40	62	28	32	7000	2421332318342083073
284	62	6	47	2000	2421332151573209397
351	50	19	43	1000	2421331335095845537
1873	43	19	92	5000	2420469859284975437
1723	73	6	77	3000	2420470649499901699
20	28	1	38	4000	2420469793932115203
714	12	15	95	2000	2421332297445739690
1769	60	15	81	8000	2420470054390316150
7	89	22	13	9000	2421327494184069122
465	42	16	37	8000	2421373733980374721
6762	106	11	96	8000	2420470375276523218
143	22	22	50	4000	2420470053442972439
15	44	18	7	6000	2420469629484605589
21	25	15	22	7000	2421331716976130599
1420	19	5	63	6000	2421332324998320919
100	84	28	40	4000	2420471179316577944
373	90	14	65	3000	2420471146839933649
154	79	23	67	6000	2420469403269074434
608	52	2	29	9000	2420470053868548377
300	27	7	28	7000	2420470491995826468
28	49	16	14	9000	2421327477910685636
5	95	28	16	4000	2420470803117401610
85	38	1	24	4000	2421343538347761039
436	66	4	30	2000	2420470067322609898
6	64	12	8	9000	2420470377813837171
304	74	7	37	10000	2420469590720207356
2	18	4	2	4000	2421327590384881014
46	109	1	21	3000	2421332321102100149
43	26	25	34	1000	2420469848100107799
82	48	13	20	9000	2421327630211722435
1042	65	16	86	4000	2421327566811794789
6694	81	10	87	8000	2420470492966380125
147	24	20	43	4000	2421327589909127515
2490	71	7	72	6000	2420471087168834613
1701	28	9	86	7000	2420471087206697724
64	48	29	53	8000	2420470767152288264
13	95	2	6	5000	2420470428884184577
454	65	13	70	1000	2421330542204964477
2084	53	7	69	7000	2421343589611577594
1621	41	16	89	8000	2420470568035583172
248	37	30	61	5000	2420469861032172014
81	93	25	52	7000	2420468733050551081
451	24	19	57	2000	2420469580602487437
2568	109	8	52	7000	2420469858633148307
6528	109	6	85	9000	2420471403623619436
664	41	21	60	8000	2420470638601571206
233	15	8	35	3000	2420465374931569202
2426	51	9	97	3000	2420470478161478412
51	11	4	14	3000	2420465376138270335
4682	104	17	100	10000	2420469680966391433
1125	82	21	85	4000	2420469688047189458
1582	62	10	98	5000	2420465229283968499
80	60	24	30	2000	2420469846929325575
2266	84	5	73	6000	2420469828654496805
121	101	14	30	1000	2420465092546483216
12	104	1	21	10000	2420470576095246776
20	96	19	24	8000	2420471376196456409
727	27	30	58	4000	2420470379779269064
32	24	19	15	5000	2420465229200693347
114	38	26	58	4000	2420465362228403455
2361	46	29	82	10000	2420466462197318775
1587	13	14	98	3000	2420465211066622044
76	18	15	29	7000	2420465098759318156
17	97	6	11	9000	2420470488141071086
378	98	25	90	5000	2420467808259061089
3667	94	13	80	10000	2420465098211299606
8	25	17	17	2000	2420465870149942653
3987	37	29	83	9000	2420465871683477516
2447	100	11	100	3000	2420465707593102144
4226	26	14	91	7000	2420465262095720262
1219	71	3	70	8000	2420468617227680382
3729	83	5	87	5000	2420470761182656314
769	15	5	37	6000	2420465502622875107
18	40	25	27	1000	2420465849091425930
368	45	13	59	6000	2420465809098618623
4	96	25	11	7000	2420465506903275953
1321	15	13	59	3000	2420469848741413934
24	53	1	65	8000	2420465809463821904
195	22	18	29	4000	2420465342575393211
2971	18	9	47	9000	2420467090615983452
11	83	25	10	2000	2420468043072076629
66	20	12	37	4000	2420465215602439655
330	50	4	45	1000	2420468620335538244
3045	101	14	100	5000	2420468056903380163
800	26	10	98	1000	2420466466676139104
1	80	27	2	4000	2420411346796263239
23	12	14	21	2000	2420469957301768968
12	23	24	12	10000	2420466455093429524
637	93	15	76	4000	2420466466785858163
25	17	11	16	7000	2420411357348298439
4431	78	21	89	10000	2420465387596550933
579	76	3	34	7000	2420465188134445950
400	47	2	42	9000	2420466670932688562
67	36	30	17	8000	2420467946716641282
90	16	22	43	3000	2420465500906293320
11	95	11	13	9000	2420465412146063294
23	31	26	31	3000	2420468042175909164
8	13	14	9	1000	2420465390905335370
2227	42	14	95	7000	2420411482131314169
4	82	22	7	9000	2420465492408806058
1299	62	12	91	2000	2420465847080916431
4539	36	8	91	8000	2420465454302713906
24	97	16	26	2000	2420467941291426026
303	91	18	59	6000	2420465115113669239
164	104	15	51	1000	2420465963272244757
1610	24	9	85	5000	2420466298340747287
656	31	16	58	2000	2420465964160872946
14	59	27	12	7000	2420466231158454048
20	77	16	14	4000	2420470791966376496
1039	89	30	61	7000	2420465417420792092
599	47	3	68	3000	2420466299499076068
384	108	1	93	8000	2420411362360206793
192	40	2	71	1000	2420468054416640298
38	55	29	42	2000	2420465978081517922
260	72	14	42	5000	2420465701652618236
11	12	9	9	3000	2420410442206790874
243	70	18	53	8000	2420465492445486669
4556	86	15	94	6000	2420465972503585397
1	60	21	1	3000	2420411444968242046
7069	96	5	95	8000	2420412021046710609
2018	43	3	89	6000	2420466301400241951
2	13	18	5	6000	2420465935206069289
4	15	28	11	8000	2420411490952820407
792	16	10	48	6000	2420465975439618565
1675	61	19	98	6000	2420410963411281905
866	70	19	90	1000	2420465929980296833
12	44	1	30	4000	2420465929785131552
5	15	26	10	9000	2420411350786732238
800	108	13	54	2000	2420465847052607066
36	83	22	28	3000	2420411587166511257
6372	42	12	100	9000	2420466656414048191
789	42	27	67	6000	2420411361944060316
621	63	26	62	2000	2420465184065655538
2231	34	17	95	4000	2420466679190228299
594	97	24	83	1000	2420466982682809205
1117	76	11	54	6000	2420410537526550962
505	70	13	64	8000	2420412019741477502
688	17	10	59	2000	2420411935047956470
162	31	23	82	1000	2420466708332418968
3	98	7	2	2000	2420466626988365345
104	50	3	25	4000	2420467727642919809
119	98	24	42	1000	2420410363383488261
1272	12	12	91	4000	2420410793671728439
610	98	2	84	3000	2420464933447751732
394	77	11	40	1000	2420466678072791412
361	12	18	35	10000	2420466626619131180
113	103	29	72	1000	2420411934502132885
92	75	15	27	4000	2420466626978681160
76	65	14	41	1000	2420467027401194478
230	15	8	25	7000	2420465840622320655
366	59	2	43	4000	2420410961346966431
435	19	5	24	8000	2420465531274650119
13	106	1	8	8000	2420464933807801765
1401	45	17	63	6000	2420465179041088247
2	69	3	2	2000	2420471403028119071
4735	53	21	83	10000	2420411449770434530
5456	37	8	98	6000	2420465094806894374
2	63	9	5	10000	2420410442100562718
2789	31	16	70	9000	2420466984330206105
2	11	17	2	4000	2420466564194984300
2172	43	15	88	6000	2420465934828216895
2	68	15	2	5000	2420466678675050917
2122	42	3	74	10000	2420411934710662171
3377	18	9	72	8000	2420465229105698647
574	92	13	52	4000	2420466597768350801
848	21	2	54	7000	2420466188122461100
442	92	21	77	1000	2420465865598366008
2031	39	28	54	9000	2420466663060002953
48	12	16	26	2000	2420470986395035503
43	108	17	42	1000	2420465932846535183
36	44	1	87	9000	2420466816886036404
36	46	18	23	10000	2420466638148651551
367	32	14	36	10000	2420465420472460375
3869	24	12	75	6000	2420466983013945035
71	79	10	23	1000	2420466626828818880
167	69	28	50	3000	2420466344903718036
1	30	12	1	8000	2420466679674315914
601	38	17	88	2000	2420465234205471539
1402	32	5	57	3000	2420466423798251748
1003	23	11	95	6000	2420411776713835595
1487	37	16	84	5000	2420466268820530316
186	12	17	48	10000	2420465806040425364
480	103	27	88	9000	2420411935754026372
161	62	27	44	6000	2420466222359052569
5198	104	15	85	10000	2420465873540560517
113	36	20	52	8000	2420465226130731169
1007	27	13	60	3000	2420465751845538278
532	22	23	52	5000	2420465610730737128
1955	25	3	58	4000	2420411543552270021
833	68	17	70	6000	2420465611705422380
3007	27	6	71	5000	2420465851984518240
30	34	12	20	8000	2420465919076085280
10	75	21	22	6000	2420465373654679697
181	69	9	38	1000	2420467916501033232
2	55	26	2	1000	2420465500785581149
293	39	23	46	9000	2420465601641127694
2258	43	8	71	7000	2420465664072642219
10	16	24	23	6000	2420466962098912523
430	26	23	52	10000	2420466424665950351
232	70	26	70	4000	2420411352727844558
2139	38	14	61	9000	2420465574436784402
1137	46	15	54	8000	2420465801033414363
2216	92	16	87	8000	2420411301727740234
29	23	22	21	6000	2420411354657272434
432	73	14	42	4000	2420411770398811353
81	105	11	22	10000	2420411301595153725
49	23	10	34	4000	2420467041503870762
183	48	15	51	1000	2420467370504635494
2985	68	7	62	6000	2420465845349763713
1561	88	6	45	4000	2420467038749851015
22	91	1	49	5000	2421518200303202133
3385	16	6	90	7000	2420465171126957131
3	84	8	7	10000	2420465845777259378
92	44	17	47	5000	2420466907940297190
1883	10	16	82	5000	2420465857549418451
336	28	12	41	4000	2420465973326203133
19	25	1	49	5000	2421517143404087126
136	55	14	28	4000	2420466981229094982
978	37	30	85	3000	2420465852334770033
226	64	2	37	1000	2420411354061200330
41	37	26	23	7000	2420465493805551869
121	82	14	39	1000	2420465453379812252
787	98	7	76	1000	2420411153029598403
150	27	20	39	10000	2421462032650617599
771	52	11	77	1000	2420464929784074928
379	24	22	65	6000	2421518175220656320
187	105	30	59	1000	2420465831705736048
1047	91	22	74	7000	2421461778590585809
2522	11	24	90	7000	2420411755161785788
4148	62	9	90	8000	2420465793349004343
3498	102	11	98	4000	2420465504179867359
6	71	14	4	1000	2420465872244325841
150	89	12	30	1000	2420467039217239045
14	70	18	23	9000	2421461975450816121
332	97	29	51	9000	2421518171515072269
2049	97	29	69	8000	2420465986959947783
652	61	28	93	2000	2420468471394888374
2480	22	11	88	5000	2421461757586220178
2	83	1	2	8000	2420468239017805974
2673	46	30	99	9000	2421518194850809214
85	32	16	44	2000	2420472252366429100
4686	109	8	86	8000	2420465996258608323
18	21	21	14	6000	2421517284969135270
39	89	1	15	6000	2421521854469151595
98	69	11	19	5000	2421461778438016677
182	65	10	42	10000	2420411303000738772
23	56	24	14	7000	2420469058373652415
452	32	13	52	1000	2421461878830609587
369	88	2	75	1000	2421517299595665182
46	64	7	22	8000	2421521775384387371
345	108	25	85	1000	2421525137022687990
5354	34	3	74	10000	2421517277989093630
34	104	7	18	4000	2421521598875625450
6	77	22	10	4000	2421521770597589134
795	108	6	97	1000	2420468255754723171
11	67	27	19	9000	2421518170761333307
202	104	7	30	2000	2421521598873350130
3028	27	18	92	4000	2421521761383206981
1465	90	20	63	4000	2421521783780264883
6	60	4	5	5000	2421518175439152710
62	52	17	19	9000	2420468196802168452
202	25	27	48	5000	2421461757582385659
402	58	10	50	2000	2420469284773093290
2650	53	2	64	8000	2420470936310188110
152	55	25	37	8000	2420465327491196457
770	97	4	87	1000	2421517285502627775
226	64	10	34	5000	2420468457339187240
951	26	17	63	4000	2421521850534375992
302	98	27	55	9000	2420467407702584899
237	105	15	28	6000	2420468811087064462
12	39	16	11	7000	2421518183210761674
51	103	28	33	1000	2421527598787091110
495	53	19	83	1000	2420469265368883947
1	15	29	3	4000	2421517304166536214
3935	93	7	88	5000	2421527937439256281
8	92	16	9	1000	2420468458946286583
39	107	29	42	4000	2420468204190368020
2	85	11	1	8000	2421517298044902744
5	36	27	23	1000	2420467596441547685
31	19	22	34	5000	2421462041651044233
27	69	1	76	4000	2421527966824251621
311	43	17	35	7000	2420468204208466826
5012	101	11	90	8000	2420470814430392681
7	66	8	14	3000	2421527692674245179
863	90	30	84	8000	2420468239051020783
261	85	30	42	8000	2421527693198166138
1231	49	30	79	3000	2420469006663324736
1340	15	2	85	7000	2420467266834747210
238	36	25	75	3000	2421461873341319519
154	65	23	57	6000	2420469924949368188
290	35	27	96	2000	2420467611299223239
14	94	1	24	2000	2420468849095079491
1	43	20	1	9000	2421461952943119860
2549	46	4	59	8000	2421517764911117630
111	47	24	67	1000	2420465570247510262
51	104	5	17	7000	2420468848912286217
52	49	29	34	3000	2421522439469704034
3	43	14	3	1000	2420467553968371807
563	39	11	36	8000	2420469612430506252
240	82	15	47	1000	2420469794026120760
398	81	21	73	2000	2420469925552145750
527	29	12	45	8000	2420469776489941891
1349	81	28	99	8000	2421518194837412830
31	60	30	12	8000	2420468855346022210
49	26	27	15	9000	2420467571467307996
10	27	12	9	8000	2421521842071300261
104	66	13	22	7000	2420469008751159678
600	63	4	31	3000	2420468910677594121
4086	68	21	99	9000	2420470807828887060
1780	85	4	88	2000	2421527725321713291
379	45	16	92	1000	2420469079873078817
1040	17	20	72	5000	2420470888655359277
1341	67	14	63	6000	2420468910593069563
1805	89	20	96	10000	2420468550026405226
194	69	6	22	9000	2421521826776315803
549	22	28	38	2000	2420468369872769142
3203	27	15	57	10000	2420468291322880744
39	52	27	23	9000	2420468298676639157
1685	59	12	83	3000	2420468956438251649
1307	68	7	75	3000	2421518195705129713
743	23	20	63	2000	2420469235258466159
62	26	17	23	5000	2420467591216397201
27	57	23	16	7000	2420469017325023253
312	44	12	56	1000	2420468768206715252
12	86	20	6	1000	2420467607246425128
3722	103	11	44	10000	2421517245355700638
354	38	29	99	3000	2420472252756939203
2853	38	6	91	6000	2420468849684162557
223	11	5	33	2000	2420468291209111075
1255	10	9	90	4000	2420469073820012511
5	58	29	13	1000	2420470758594206558
2891	65	13	91	8000	2421517174743922943
54	10	21	32	7000	2420468877620393924
3091	72	23	92	5000	2420469024347786703
25	11	1	10	1000	2420468699416499842
553	60	16	41	9000	2420465696716244253
7	93	17	11	3000	2420468693194078438
2458	53	12	68	9000	2420472533919533315
24	70	17	20	2000	2420468867187754263
2004	71	4	57	7000	2420469976862182018
10	29	16	18	1000	2420471257066299179
13	59	21	13	1000	2420465503716538304
1673	84	25	81	9000	2420468899749963368
657	91	17	39	8000	2420468541120416361
126	93	26	38	6000	2420471263295297431
276	66	23	62	3000	2420470572020997317
3456	107	6	90	5000	2420468614484624888
707	103	11	51	5000	2420468631225534654
882	93	9	46	9000	2420468672610305335
418	33	1	94	9000	2420468700544183271
57	15	24	23	10000	2420471263206917109
108	22	17	21	7000	2420470059348441794
1196	24	23	70	8000	2420469179556014622
78	96	27	38	4000	2420468285882493450
2214	106	15	92	4000	2420470572116256326
121	78	23	33	1000	2420468855693363235
273	25	1	58	2000	2420468689496500051
637	46	7	70	1000	2420469177329476738
138	102	17	53	1000	2420471237705932533
134	100	28	50	7000	2420472250834877293
2802	85	20	99	9000	2420471381770215489
189	107	2	60	6000	2420467554071513029
1048	35	17	80	2000	2420469924385312449
592	70	11	84	2000	2421461804318472515
48	57	25	19	4000	2420471464251386034
3055	49	17	67	8000	2420468219178513934
789	46	13	70	1000	2420467611354705415
876	82	30	76	5000	2420471246671327642
344	30	21	55	2000	2421461757485146704
56	50	7	13	6000	2420469930901872855
3393	88	20	69	8000	2420468531068664565
1866	38	9	90	6000	2420468738580252385
2184	47	9	57	5000	2421461862966013274
3924	31	20	85	7000	2420470213459241230
192	66	6	33	6000	2420470200608908691
58	37	18	51	2000	2420470981988371866
1749	26	30	99	3000	2420468672171969412
1244	40	12	51	10000	2420468490437970584
5786	84	6	95	8000	2420470211915250375
4	20	5	6	3000	2420470765576867559
119	44	5	31	6000	2420468630764716029
73	44	2	16	9000	2420471041193181676
94	37	3	17	7000	2420470580175346182
3288	23	11	91	6000	2420469434458954649
32	80	1	92	5000	2420470132942976312
105	72	29	46	1000	2420472302751423566
194	91	24	45	6000	2420469448658163479
3068	65	13	74	6000	2420470122524360541
212	14	9	29	5000	2420467571932840384
203	87	27	66	1000	2420471266360822989
83	30	10	21	4000	2420471044623426189
161	106	2	20	6000	2420472317162556830
121	90	16	37	3000	2420470974516987136
37	70	25	40	1000	2420470137049034186
29	105	30	36	4000	2420471072293820922
1046	66	27	91	2000	2420470423483941591
223	65	11	35	10000	2421461722605457644
390	107	5	38	5000	2420468867262457359
534	80	12	38	4000	2420468963007575279
860	106	2	60	6000	2420467553699774331
31	48	21	19	1000	2420469095757057469
10	23	30	9	10000	2420468874322291563
411	43	10	29	10000	2420472267413339962
11	56	12	12	9000	2420471105553011955
25	82	1	54	1000	2420470211742538502
1282	81	24	98	5000	2420469938566314651
51	95	27	45	3000	2420470134172542073
2421	38	7	85	4000	2420469928677125040
142	68	23	57	4000	2420468859891493261
812	19	6	85	1000	2420469044419463477
1656	61	19	56	6000	2420468951719819684
444	68	18	59	4000	2420471168076702879
200	36	25	47	5000	2420469136577930442
2	37	15	6	1000	2420468780908712167
20	101	18	13	7000	2420470648390054024
830	108	13	80	2000	2420469966491102928
286	57	22	39	6000	2420469142372540857
1039	45	19	99	2000	2420469075439628334
28	97	25	24	2000	2420469137298004444
1819	104	28	79	6000	2420468487297375620
510	20	12	32	7000	2420469076276331322
1	106	27	5	7000	2420468978584574823
4186	57	12	100	5000	2420469441533022497
1886	73	28	83	6000	2420472252984860795
1207	48	28	62	10000	2420467589653147547
859	69	15	97	2000	2420469937619614604
7	57	2	6	8000	2420470199653625607
6838	39	9	97	9000	2420468852570987110
294	28	24	57	1000	2420472205795022525
162	54	9	39	10000	2420469154689947793
351	16	30	42	7000	2420469923453009876
27	61	1	57	7000	2420469045476668754
2804	67	16	94	10000	2420468916864837691
11	39	21	15	6000	2420468620184181370
3482	59	17	86	6000	2420469054222049532
12	92	22	9	4000	2420469935449528026
2514	67	19	91	5000	2420470770860095314
188	79	11	26	6000	2420469182954844849
2	15	16	2	2000	2420468352027825062
825	27	15	63	7000	2420469441954728938
49	82	1	20	5000	2420470205047882736
1356	22	2	84	7000	2420469147267074340
71	25	4	20	3000	2420469049154269490
24	101	15	19	8000	2420470642407107550
445	65	26	55	2000	2420469089808526234
334	94	19	36	10000	2420467602216033795
9	51	9	12	1000	2420470921220123442
647	72	15	61	4000	2420468557332854349
134	50	24	34	9000	2420470921267507602
590	36	22	55	7000	2420471246540717089
138	35	24	50	2000	2420469188525502155
63	56	18	27	2000	2420469126546875468
761	73	9	48	3000	2420468860390941255
315	86	23	53	8000	2420470934989466881
4	17	8	2	7000	2420468851066101932
2	41	28	1	6000	2420467409502917354
156	40	27	91	1000	2420469154527122230
431	72	2	61	5000	2422212796441685765
3735	72	8	88	8000	2422221167164618430
2	29	14	2	5000	2420469446058824054
127	11	7	27	4000	2420469446428869284
4231	48	6	84	8000	2420467554385621735
512	33	22	81	1000	2420467589509571890
1849	42	11	60	6000	2422221007476565263
9	49	16	10	8000	2420467589662529925
407	20	4	39	5000	2420468772563358932
188	64	13	32	9000	2422212809500539136
848	68	10	56	3000	2420470934341643851
55	97	22	21	9000	2422220970237096716
3	39	13	7	3000	2420469142219513825
1113	82	10	64	2000	2420468356030933685
735	85	2	58	5000	2422212853433245832
41	11	25	36	4000	2420469142322865958
14	62	24	23	6000	2420467510650656551
1676	39	16	81	6000	2420467409858603799
532	34	2	51	1000	2420469446029138841
557	51	5	37	8000	2422111931162594401
51	49	8	21	7000	2422111900709811138
1031	83	29	96	4000	2420468866658605740
4	42	25	7	5000	2420470119321894271
622	66	2	99	1000	2420470807338609909
174	62	21	38	10000	2422221012747721188
235	59	28	71	3000	2420468768632372351
4	97	23	4	6000	2422111860735827590
1259	65	9	94	3000	2420469138208861819
27	43	26	21	8000	2420468770824326746
2753	43	6	92	5000	2420470864566418306
33	77	24	35	5000	2422212875480147635
31	40	9	12	10000	2420468565036596247
103	86	15	25	2000	2420469144290383655
3158	29	4	94	6000	2420468356419705527
85	41	17	27	6000	2422212894565513843
10	17	29	35	8000	2420468919281221074
3866	80	13	93	6000	2422212777337774086
85	44	24	20	3000	2420468565957468331
1403	24	13	94	3000	2420469443652602845
298	44	1	64	9000	2422110879999886906
579	19	4	24	10000	2422221197760590899
1272	17	11	45	7000	2421283134094524036
347	29	29	55	2000	2421283918170808818
51	44	29	18	4000	2421283129372692548
344	60	9	25	2000	2420469454747222134
557	55	5	36	6000	2421283134118734564
722	51	6	36	8000	2421283014528446127
2	92	7	6	5000	2420468203364294233
5	103	11	8	4000	2420469611790392821
680	88	24	58	4000	2420470882240345423
273	105	20	86	1000	2422114250647305616
431	18	17	70	4000	2421300303446804104
668	106	13	58	6000	2422114250315161760
988	105	4	49	4000	2421283014487736260
5096	55	7	92	6000	2421283129037650813
98	69	7	21	5000	2422119880244339997
748	107	14	82	1000	2420468364219199856
7950	82	11	98	10000	2422110980641935742
5	100	5	8	8000	2422110900398713201
353	78	21	56	2000	2422212796094660982
818	39	2	59	9000	2421283129375485514
30	102	26	20	8000	2422110165784731962
951	97	19	98	2000	2422119951068305990
12	89	1	20	9000	2422110164132637324
908	64	27	50	9000	2422121433518013133
554	40	17	64	9000	2420469135450667551
16	53	9	14	1000	2421291162733977444
336	72	12	41	6000	2421283129420428305
1618	102	11	76	2000	2421291088528547388
848	36	3	80	1000	2422119991374654246
19	20	24	16	6000	2422212875476595793
8	17	29	14	5000	2422212895005171831
2404	11	8	66	8000	2420470921163447686
10	45	26	17	5000	2422121433491371816
1161	89	4	57	5000	2422114357565258513
154	15	28	50	9000	2422212801458954487
897	76	19	96	8000	2422126038460588540
2685	100	3	75	6000	2422206968974147685
2598	58	3	67	8000	2422110744105161948
2292	90	26	96	9000	2421291064082085017
2320	98	21	99	6000	2422110744429938884
3311	74	26	76	7000	2421291133944958104
5	20	24	13	1000	2422119950825317869
1920	51	8	84	10000	2422111927607995834
3287	74	4	87	7000	2420471253136888699
218	45	9	51	4000	2422110247620169270
40	81	13	10	9000	2421288107203001331
842	13	24	95	4000	2421288107025589230
1209	77	10	89	3000	2421288062860417504
361	79	11	65	4000	2421288130311121523
155	81	25	35	1000	2421299716468667581
4437	17	13	86	10000	2422111909358703054
808	10	8	45	10000	2422206965884775777
1760	61	8	93	6000	2421283108290018739
179	77	29	52	3000	2422212894569885698
880	68	17	71	6000	2421283109138733815
2755	97	21	99	5000	2421296211332311201
1567	65	25	91	7000	2421300309095861290
540	51	24	55	6000	2421300435578183014
2001	74	11	59	5000	2421300312293907115
608	36	27	67	5000	2422110247561763386
390	40	13	33	10000	2422110863013434744
12	10	19	10	3000	2421283921529464849
1867	40	21	83	6000	2421296210761864907
485	97	22	78	1000	2421288109097653143
300	73	18	62	6000	2421288153232301185
1261	104	16	50	6000	2421297138476247732
4088	19	22	88	9000	2421288152584739192
1517	23	9	40	7000	2421296330727179765
15	46	27	13	7000	2422330276839452201
8	49	19	7	5000	2421291087658160081
2294	43	22	90	7000	2422220964793903255
3741	88	2	96	6000	2421283056023489422
967	106	30	95	7000	2421285493582046939
1341	52	19	88	3000	2421288288119180967
1518	44	11	66	10000	2422330247828461862
242	58	29	80	2000	2421299561119958022
7	62	18	9	5000	2421299717630786848
709	90	29	83	4000	2421297138412892003
162	24	29	63	9000	2421283920953031529
975	106	17	57	10000	2421300338752625041
2028	108	21	81	8000	2421299711142397410
333	32	1	94	10000	2421300303559230805
128	23	17	60	1000	2421283005505714943
3938	105	11	90	6000	2421300342478301024
226	40	10	52	5000	2421299629801935485
2245	34	7	98	5000	2421291327629942694
815	52	21	82	2000	2421295925703482641
10	96	5	11	4000	2421291328863733720
34	105	28	40	10000	2421286797528748725
27	61	2	22	6000	2421285601367967063
702	57	11	36	6000	2421291110346865255
344	101	27	60	10000	2421291332881339380
464	42	12	56	7000	2421296397996944235
193	103	26	41	9000	2421291428528092150
131	85	10	19	4000	2421291422120032622
2813	36	17	99	4000	2421285493462998980
541	108	15	53	7000	2421288070892398730
1566	67	24	77	7000	2421295215171319915
2226	109	17	86	5000	2421299924194226799
19	63	1	41	4000	2421295215465572040
3460	46	6	65	10000	2421299622950735011
2656	26	7	86	6000	2421291140265979790
3	104	7	3	9000	2421299532063553789
2913	37	8	73	10000	2421299628031723657
1667	20	14	81	10000	2421291140990519278
1592	101	4	53	9000	2421288072706879525
68	86	14	32	9000	2421295994531892777
3437	101	19	64	10000	2421288058645173870
656	101	23	50	3000	2421288072689417865
6225	22	9	95	8000	2421288134099393939
483	91	21	56	10000	2421283012049625470
1188	56	30	94	3000	2421283136277742754
2	84	20	2	6000	2421283921002717398
235	23	30	51	2000	2421299532588065706
30	101	6	18	2000	2421299630216311190
1619	87	24	76	9000	2421291120085577890
2270	62	12	67	8000	2421296001892818989
1	107	18	1	8000	2421295314986150694
44	61	14	30	5000	2421295240969992308
444	11	28	77	7000	2421288061726250937
20	40	25	20	1000	2421285510000193588
1150	60	16	56	3000	2421291449172723894
10	89	22	26	4000	2421291425289971781
1892	29	28	60	6000	2421288069973375887
1105	75	19	98	2000	2421288058843383445
2315	106	16	80	7000	2421296387205502901
1081	49	28	64	4000	2422330252151147591
565	12	21	64	1000	2421297139251140979
671	26	10	47	9000	2422330252972053999
89	76	27	28	4000	2421295713481349623
45	59	14	13	10000	2422330220536163084
8	39	29	19	5000	2422330237517576850
1712	67	11	57	8000	2421291159867658889
125	60	29	32	2000	2421288066946457376
403	40	22	86	7000	2421288133924267409
2	36	5	4	3000	2421296333676837444
4	69	17	2	7000	2421288155611883118
1056	36	3	30	8000	2421300431126801514
2908	41	4	100	5000	2421283137208057885
51	94	12	11	4000	2422140730402930228
98	31	30	43	5000	2421300428198340174
1810	50	8	85	3000	2421283920322577033
1917	24	10	93	8000	2421297137752434952
147	50	26	54	9000	2421300433400209146
148	54	28	68	2000	2422330225381393838
22	107	27	32	6000	2422330250985111983
99	18	23	34	1000	2422330237150814802
50	100	20	30	10000	2421291397790419392
8	48	13	5	2000	2421295707791362881
274	90	5	32	3000	2421283005325913843
724	94	4	36	2000	2421283921619681654
18	30	1	40	9000	2421297139202035332
489	75	18	32	3000	2421297190688152568
17	29	28	28	2000	2421299560360913531
120	107	17	60	1000	2421282950492519339
5381	21	8	99	8000	2421291160133940593
1600	81	16	87	6000	2421291133488453047
2	65	30	5	3000	2422141028606928207
453	48	12	62	1000	2421299825514832595
808	17	18	63	8000	2422140795255057317
374	80	30	79	4000	2422140919456110100
522	51	4	67	1000	2422141010545483509
2381	93	12	95	7000	2422140846499814404
775	48	24	52	8000	2421297213249670886
2745	105	14	93	3000	2422140915530408430
6466	88	7	92	9000	2422141630284459896
159	82	1	51	1000	2422127145646526294
446	87	17	40	4000	2422140916008262846
412	65	30	59	5000	2422045744126900410
3587	70	10	93	5000	2422330221858552878
304	80	18	66	1000	2422045772543616391
34	36	6	11	6000	2422113454849171098
309	91	3	44	5000	2422140754431778626
18	25	10	20	7000	2422045456530658729
2125	44	2	53	10000	2421295713400092222
601	97	14	66	4000	2422113454818860293
333	26	13	34	6000	2421295240424888801
97	44	17	39	7000	2422140795293321527
150	24	5	27	6000	2422141014153465775
570	20	23	92	1000	2421288063984142401
28	35	19	36	2000	2422045460635535764
241	94	16	21	2000	2422126940734681296
14	82	7	13	3000	2422126940626234549
453	36	18	56	3000	2422140641706636693
88	71	28	30	8000	2422045569111269448
2131	29	9	71	9000	2422141538814566943
1284	70	12	62	9000	2422045457307526254
80	59	29	29	8000	2422045568978921213
2529	89	21	91	5000	2422113474786573918
1498	63	11	80	6000	2422045758371398115
3574	98	10	75	5000	2422045728732093298
1703	98	11	90	3000	2422141626576607980
528	94	22	56	7000	2422045726448670134
194	17	2	63	10000	2422177076297983441
731	24	19	85	1000	2421296340723409617
2267	24	22	92	10000	2422045769178848498
1734	71	10	57	8000	2422044174099276340
174	96	21	29	7000	2422141625982299525
5313	97	5	82	7000	2421291131440224402
65	19	9	24	2000	2422222936879670443
2891	65	12	82	10000	2422330251166625391
3935	77	26	93	10000	2422112318348164626
216	63	1	66	1000	2422126935604502282
4	39	2	2	7000	2422125593213706212
1617	103	18	91	3000	2422112438722570198
50	79	10	24	9000	2422045776438092915
1291	96	11	59	2000	2422045479822778165
1843	37	23	98	8000	2422112223599065300
1079	54	6	55	3000	2422045576754335842
45	53	21	24	3000	2422125695822279555
4571	67	9	89	9000	2422045768925052565
4	66	19	5	3000	2422112325550515660
21	35	4	11	6000	2422140639812736131
2806	29	9	95	7000	2422222906530327491
316	105	1	78	9000	2422125694367077909
290	53	19	54	6000	2422112211483406873
558	76	16	56	1000	2422045568992716467
3816	34	17	93	7000	2422110016518951577
39	82	22	28	7000	2422125108178145729
1	95	9	8	7000	2421295639373990832
145	16	1	46	2000	2422141646331332623
155	56	17	32	3000	2422045748342958755
29	67	28	15	3000	2422045726370013365
2310	105	10	84	4000	2422222052379899010
152	18	30	51	10000	2422122672763667375
3753	32	15	94	8000	2422329951020405652
11	12	17	8	7000	2422112227296873798
528	107	11	51	1000	2422140653155024435
841	49	11	54	6000	2422126434297464388
1116	63	22	77	7000	2422126445854405416
540	104	17	55	10000	2422112303651274071
136	30	29	58	2000	2422045568632491267
7	25	27	20	4000	2422114551446901129
1323	67	10	31	4000	2422140920175290627
1777	85	26	64	6000	2422121196732704096
406	17	28	49	7000	2422126435015527789
4843	30	7	97	8000	2422112352236817329
58	99	29	57	5000	2422045568840736007
14	55	6	16	3000	2422112214958290041
25	78	18	14	10000	2422110016122314136
898	88	18	73	10000	2422125652102661971
36	96	24	29	2000	2422127038168620994
2	44	28	9	10000	2422112238021954391
260	13	18	69	1000	2422140920172720435
1170	47	10	69	7000	2422112303510395508
877	19	5	57	3000	2422126446382080599
2302	69	22	96	5000	2422222052505645791
44	89	13	33	4000	2422221869229720204
532	49	23	58	4000	2422222095544608761
1796	107	11	91	4000	2422221859844964970
86	43	27	52	9000	2422114552814391597
263	18	30	45	7000	2422221852630492398
2	60	9	2	8000	2422126433052023266
181	46	2	53	10000	2422127045149648156
