7000	98	28	99	7000	0
7000	98	28	99	7000	0
7000	98	28	99	7000	0
7000	98	28	99	7000	0
2	10	200	5	1000	0
985	50	200	45	1000	0
174	50	200	28	1000	0
1000	200	200	108	1000	0
1000	200	5	108	1000	0
1000	200	3	108	1000	0
601	200	1	108	1000	0
1000	200	2	108	1000	0
601	200	1	108	1000	0
1000	200	1	108	1000	0
1000	200	3	108	1000	0
7000	98	28	67	7000	0
385	98	28	67	7000	0
385	98	28	67	7000	0
385	98	28	67	7000	0
385	98	28	67	7000	0
385	98	28	67	7000	0
385	98	28	67	7000	0
385	98	28	67	7000	0
385	98	28	67	7000	0
385	98	28	67	7000	0
385	98	28	67	7000	0
385	98	28	67	7000	0
385	98	28	67	7000	0
385	98	28	67	7000	0
385	98	28	67	7000	0
385	98	28	67	7000	0
385	98	28	67	7000	0
385	98	28	67	7000	0
385	98	28	67	7000	0
385	98	28	67	7000	0
